184.168.221.31 timed out

Host: 72.11.144.120
Hops: 2
RTT: 58.4108829498 ms
Target IP: 72.11.144.120 Port 33435. 

88.208.24.59 timed out

Host: 193.141.43.158
Hops: 2
RTT: 105.337142944 ms
Target IP: 193.141.43.158 Port 33435. 

